10545
10540
10537
10534
10519
10516
10511
10496
10466
10462
10441
10440
10434
10429
10427
10398
10371
10368
10365
10364
10358
10335
10327
10326
10325
10324
10323
10318
10251
10234
10217
10201
10149
10122
10116
10109
10084
10083
10070
10066
10039
10031
10025
10008
10005
17437
17436
17434
17403
17402
17396
17391
17390
17359
17356
17355
17272
17259
17253
17237
17226
17221
17197
17192
17187
17176
17172
17157
17125
17124
17103
17063
17053
17034
16998
16981
16971
16921
16918
16908
16897
16869
16855
16853
16805
16804
16799
16787
16769
16726
16719
16667
16662
16654
16634
16612
16595
16589
16579
16578
16554
16525
16505
16497
16491
16470
16453
16448
16427
16408
16389
16357
16339
16310
16303
16300
16259
16258
16257
16230
16222
16215
16196
16168
16129
16125
16096
16094
16092
16090
16080
16064
16051
16041
15991
15989
15985
15984
15976
15958
15951
15948
15893
15874
15873
15859
15855
15797
15794
15774
15769
15766
15763
15758
15743
15738
15733
15728
15723
15717
15712
15697
15673
15671
15670
15660
15654
15651
15616
15614
15608
15603
15600
15597
15591
15583
15580
15552
15529
15527
15495
15493
15473
15422
15408
15396
15356
15351
15323
15321
15311
15294
15238
15194
15135
15116
15099
15089
15082
15063
15004
14957
14946
14895
14892
14888
14885
14852
14818
14813
14755
14748
14734
14717
14714
14712
14706
14697
14682
14671
14667
14658
14654
14653
14645
14624
14598
14597
14575
14573
14571
20226
20223
20213
20212
20207
20198
20180
20150
20138
20092
20091
20090
20085
20078
20053
20031
20025
20009
20008
20007
20004
20003
20002
19987
19896
19889
19861
19851
19829
19813
19802
19798
19781
19771
19767
19764
19752
19746
19732
19726
19718
19717
19706
19690
19656
19655
19614
19610
19593
19592
19509
19501
19500
19491
19484
19475
19471
19463
19458
19445
19436
19435
19423
19398
19341
19337
19336
19310
19308
19246
19206
19194
19191
19174
19158
19154
19147
19145
19142
19085
19076
19070
19069
19067
19043
19033
19020
19016
19010
19002
18945
18902
18883
18868
18862
18855
18834
18833
18822
18817
18813
18809
18768
18761
18730
18719
18713
18677
18668
18665
18654
18645
18640
18639
18613
18612
18605
18588
18566
18531
18515
18508
18478
18458
18449
18443
18442
18400
18387
18369
18366
18357
18356
18349
18307
18286
18259
18250
18247
18239
18185
18172
18151
18149
18105
18079
18062
18045
18022
18000
17999
17973
17965
17959
17943
17884
17813
17797
17780
17766
17763
17745
17732
17731
17718
17698
17689
17642
17621
17620
17546
17508
17500
17498
17470
17469
17460
17456
24097
24078
24071
24035
24034
24033
24022
24020
24000
23973
23952
23923
23922
23893
23892
23826
23810
23799
23783
23771
23765
23728
23727
23643
23641
23584
23568
23564
23560
23558
23545
23541
23517
23516
23515
23514
23513
23512
23511
23510
23506
23502
23497
23474
23452
23427
23418
23417
23416
23415
23414
23413
23412
23411
23410
23394
23386
23382
23376
23375
23363
23362
23361
23360
23359
23358
23357
23356
23355
23347
23344
23330
23329
23328
23327
23326
23325
23324
23292
23287
23242
23233
23218
23196
23166
23163
23139
23138
23137
23128
23030
23028
23026
23017
23016
23015
23014
23013
23000
22996
22910
22883
22878
22877
22846
22845
22844
22843
22842
22841
22840
22839
22838
22837
22836
22835
22811
22810
22809
22808
22807
22806
22803
22800
22737
22734
22726
22715
22714
22713
22712
22711
22710
22709
22708
22707
22706
22705
22704
22703
22702
22701
22699
22650
22646
22623
22593
22585
22578
22569
22566
22565
22559
22549
22541
22540
22538
22536
22531
22524
22521
22496
22480
22477
22475
22421
22362
22352
22334
22329
22320
22318
22317
22316
22315
22297
22246
22245
22233
22225
22191
22186
22163
22158
22146
22104
22073
22066
22060
22019
22012
22000
21985
21979
21971
21970
21969
21968
21953
21949
21941
21936
21932
21931
21930
21929
21928
21927
21914
21904
21886
21885
21879
21876
21873
21859
21858
21850
21847
21839
21837
21824
21816
21788
21782
21781
21777
21776
21774
21773
21772
21771
21770
21668
21647
21639
21627
21626
21617
21614
21592
21580
21579
21578
21577
21576
21575
21574
21573
21572
21571
21559
21557
21555
21554
21553
21552
21551
21550
21549
21538
21530
21514
21500
21495
21494
21416
21415
21411
21382
21381
21379
21378
21377
21376
21375
21374
21373
21372
21371
21368
21367
21366
21365
21364
21363
21362
21361
21360
21359
21358
21357
21354
21339
21336
21332
21326
21321
21320
21319
21318
21317
21316
21315
21314
21313
21312
21311
21310
21309
21308
21306
21305
21304
21303
21302
21301
21299
21298
21297
21296
21295
21293
21292
21264
21255
21249
21242
21206
21194
21076
21048
21025
21014
20997
20981
20920
20912
20909
20901
20897
20888
20840
20813
20796
20795
20790
20788
20742
20729
20714
20711
20698
20697
20695
20693
20654
20651
20641
20631
20611
20544
20533
20532
20516
20510
20486
20453
20451
20449
20433
20419
20358
20357
20328
20312
20257
20247
27677
27669
27618
27533
27525
27522
27475
27474
27473
27471
27461
27449
27447
27444
27432
27409
27408
27407
27406
27405
27396
27395
27375
27374
27342
27340
27339
27333
27273
27250
27232
27231
27188
27187
27180
27168
27163
27080
27079
27067
27063
26940
26933
26928
26895
26867
26857
26854
26851
26834
26833
26832
26831
26830
26829
26828
26805
26803
26802
26793
26792
26791
26790
26789
26788
26787
26782
26732
26725
26698
26677
26659
26651
26644
26624
26610
26596
26593
26541
26539
26536
26478
26448
26417
26399
26316
26244
26239
26189
26183
26176
26160
26115
26094
26088
26063
26050
26027
26026
26024
26002
26001
25954
25896
25885
25859
25854
25853
25852
25851
25849
25838
25823
25810
25803
25795
25776
25769
25767
25727
25726
25725
25719
25702
25670
25661
25658
25651
25629
25628
25627
25623
25607
25586
25581
25579
25574
25573
25572
25571
25570
25564
25549
25525
25519
25516
25508
25506
25500
25493
25474
25465
25449
25441
25440
25439
25430
25429
25404
25383
25371
25344
25334
25333
25322
25308
25272
25132
25071
25051
25038
25035
25025
25001
24985
24933
24929
24926
24920
24918
24909
24879
24871
24860
24858
24822
24821
24813
24772
24770
24769
24767
24696
24587
24578
24577
24576
24574
24570
24540
24516
24470
24459
24450
24426
24389
24364
24351
24350
24349
24348
24347
24286
24284
24256
24246
24220
24211
24202
24196
24181
24151
24133
24132
24131
24104
24103
30812
30811
30809
30792
30791
30773
30736
30722
30673
30668
30648
30647
30606
30585
30559
30555
30542
30537
30502
30482
30474
30466
30399
30394
30376
30368
30366
30344
30335
30332
30322
30318
30299
30279
30255
30235
30234
30212
30199
30188
30159
30149
30148
30147
30146
30143
30127
30125
30106
30100
30090
30059
30031
30023
30019
29932
29909
29897
29888
29880
29860
29859
29854
29851
29847
29824
29808
29793
29792
29756
29752
29729
29711
29701
29694
29693
29671
29667
29656
29649
29581
29573
29572
29571
29568
29545
29503
29486
29472
29471
29469
29452
29448
29432
29430
29418
29407
29406
29405
29400
29366
29346
29291
29284
29253
29228
29225
29220
29207
29204
29156
29080
29042
29000
28988
28982
28976C
28948
28935
28925
28905
28885
28861
28856
28823
28822
28821
28803
28791
28767
28760
28747
28727
28717
28701
28696
28693
28676
28675
28663
28662
28656
28654
28651
28650
28644
28636
28614
28608
28600
28583
28545
28544
28537
28524
28516C
28515C
28512
28506
28492
28440
28418
28406
28376
28367
28346
28331
28305
28301
28289
28244
28237
28236
28229
28203
28198
28190
28187
28161
28089
28059
28004
27998
27995
27990
27951
27949
27924
27923
27908
27907
27897
27865
27834
27786
27771
27744
27735
27730
27712
27684
27681
34738
34710
34703
34681
34666
34665
34664
34663
34628
34609
34597
34537
34530
34529
34494
34493
34492
34490
34482
34430
34427
34419
34414
34404
34402
34401
34399
34378
34367
34365
34355
34347
34306
34282
34266
34250
34248
34246
34245
34244
34143
34142
34141
34140
34139
34138
34121
34113
34112
34089
34035
34022
34020
34016
34015
34000
33988
33971
33947
33942
33939
33876
33813
33777
33762
33761
33747
33695
33667
33666
33651
33637
33636
33635
33619
33599
33582
33579
33559
33557
33546
33542
33512
33500
33498
33482
33466
33458
33403
33367
33361
33336
33325
33305
33301
33293
33270
33259
33207
33195
33173
33143
33123
33118
33099
33086
33077
33066
33039
32988
32985
32977
32950
32942
32939
32932
32929
32924
32917
32915
32881
32867
32864
32849
32832
32795
32778
32772
32732
32731
32707
32704
32664
32652
32649
32580
32544
32522
32512
32488
32439
32431
32429
32395
32382
32325
32321
32302
32242
32239
32230
32224
32200
32199
32169
32154
32153
32144
32135
32117
32115
32114
32098
32094
32085
32042
32010
32004
31989
31979
31924
31915
31898
31866
31858
31857
31835
31824
31806
31804
31792
31699
31681
31652
31619
31608
31596
31587
31579
31578
31547
31535
31522
31510
31488
31473
31422
31390
31372
31317
31308
31286
31274
31241
31217
31210
31189
31140
31128
31118
31100
31097
31053
31036
31021
30974
30959
30953
30944
30910
30887
30848
30842
30841
30836
37807
37781
37750
37710
37665
37662
37636
37627
37625
37613
37584
37581
37561
37528
37482
37479
37476
37469
37463
37425
37424
37398
37369
37364
37337
37333
37332
37331
37300
37269
37263
37262
37261
37208
37206
37191
37189
37171
37170
37121
37091
36975
36893
36881
36879
36876
36875
36873
36864
36852
36847
36829
36788
36769
36758
36726
36724
36723
36715
36713
36694
36648
36642
36638
36625
36624
36587
36538
36511
36509
36507
36502
36497
36490
36484
36445
36439
36401
36377
36359
36355
36346
36309
36295
36291
36290
36289
36246
36236
36228
36221
36211
36159
36156
36148
36127
36115
36103
36102C
36101
36099
36097
36033
36017
35997
35990
35959
35901
35807
35786
35781
35727
35684
35680
35676
35661
35642
35570
35564
35555
35545
35536
35535
35527
35505
35497
35480
35461
35425
35418
35388
35377
35370
35368
35367
35361
35358
35338
35335
35300
35291
35290
35282
35278
35266
35265
35240
35238
35233
35227
35198
35193
35188
35164
35148
35146
35140
35133
35132
35120
35093
35076
35072
35025
35012
35003
34970
34922
34920
34865
34860
34858
34835
34829
2449
2437
2436
2432
2431
2430
2429
2427
2426
2425
2416
2415
2387
2384
2381
2377
2373
2372
2371
2369
2368
2366
2364
2358
2356
2353
2328
2327
2326
2324
2315
2309
2307
2305
2301
2299
2292
2283
2275
2274
2234
2231
2227
2226
2225
2199
2195
2192
2186
2183
2182
2181
2171
2166
2165
2163
2159
2158
2153
2151
2150
2149
2148
2147
2145
2138
2134
2126
2098
2084
2081
2075
2072
2070
2068
2066
2060
2057
2052
2051
2044
2037
2028
2024
2023
2021
2020
2019
2997
2994
2993
2988
2948
2946
2920
2919
2918
2917
2916
2915
2914
2913
2912
2911
2910
2909
2908
2907
2906
2905
2904
2903
2902
2901
2898
2895
2893
2891
2885
2876
2875
2874
2870
2869
2868
2866
2864
2863
2861
2860
2859
2857
2856
2855
2844
2843
2842
2841
2834
2833
2829
2828
2823
2821
2819
2815
2813
2809
2807
2806
2804
2803
2802
2799
2797
2795
2788
2787
2786
2781
2778
2775
2774
2773
2772
2771
2769
2768
2767
2764
2763
2762
2761
2733
2732
2731
2730
2729
2728
2727
2722
2721
2720
2719
2718
2717
2716
2715
2714
2713
2701
2700
2699
2698
2697
2696
2694
2689
2688
2686
2685
2684
2683
2675
2666
2665
2662
2648
2645
2641
2639
2608
2607
2604
2602
2596
2595
2594
2576
2572
2569
2565
2559
2552
2549
2548
2547
2545
2534
2533
2532
2531
2525
2524
2522
2521
2514
2513
2497
2496
2489
2486
2482
2480
2473
2472
2463
2460
2454
2453
2452
3550
3548
3529
3494
3492
3483
3481
3474
3472
3469
3468
3465
3463
3461
3459
3457
3432
3429
3428
3413
3409
3407
3406
3405
3404
3403
3402
3401
3398
3397
3396
3395
3394
3393
3392
3391
3390
3389
3388
3387
3386
3385
3384
3383
3382
3381
3380
3379
3378
3377
3376
3375
3374
3373
3372
3371
3370
3369
3368
3367
3366
3365
3364
3363
3362
3326
3304
3303
3302
3301
3285
3280
3279
3278
3270
3268
3266
3262
3261
3258
3255
3254
3252
3251
3250
3239
3199
3191
3190
3189
3188
3187
3186
3185
3184
3182
3181
3180
3179
3178
3177
3176
3175
3174
3173
3172
3171
3170
3167
3166
3159
3155
3149
3148
3147
3146
3145
3144
3142
3140
3137
3136
3134
3133
3132
3131
3130
3129
3128
3127
3126
3125
3124
3123
3122
3121
3120
3119
3118
3117
3116
3115
3114
3113
3112
3111
3110
3109
3108
3107
3106
3105
3104
3103
3102
3101
3097
3096
3094
3075
3071
3058
3056
3055
3050
3049
3047
3045
3044
3022
3006
4796
4790
4787
4767
4766
4765
4764
4743
4735
4734
4728
4709
4704
4703
4702
4687
4684
4653
4646
4645
4633
4607
4606
4605
4603
4600
4599
4537
4536
4535
4534
4533
4508
4500
4499
4494
4493
4492
4491
4490
4489
4488
4487
4486
4485
4484
4483
4482
4476
4470
4464
4460
4459
4458
4457
4456
4455
4454
4453
4452
4443
4442
4441
4440
4439
4438
4437
4436
4435
4434
4433
4432
4431
4430
4429
4428
4427
4426
4425
4424
4423
4422
4421
4420
4419
4418
4417
4416
4415
4414
4413
4412
4405
4397
4394
4392
4382
4360
4358
4357
4356
4354
4348
4327
4313
4312
4311
4310
4309
4308
4307
4306
4305
4299
4298
4297
4270
4269
4264
4263
4262
4261
4225
4223
4216
4215
4211
4201
4087
4074
4073
4047
4046
4045
4043
4014
4005
3837
3831
3829
3824
3823
3821
3817
3813
3806
3797
3795
3786
3785
3773
3766
3765
3764
3763
3762
3760
3756
3753
3739
3738
3737
3736
3724
3723
3722
3720
3719
3718
3716
3713
3712
3711
3710
3709
3706
3702
3684
3683
3682
3681
3674
3671
3670
3669
3649
3648
3647
3646
3640
3637
3635
3634
3633
3632
3629
3622
3616
3615
3613
3606
3601
7199
7198
7197
7196
7195
7194
7193
7191
7171
7162
7161
7160
7159
7158
7157
7156
7155
7154
7152
7146
7119
7118
7112
7107
7106
7105
7104
7103
7102
7101
7100
7089
7085
7082
7071
7070
7061
7060
7058
7055
7052
7051
7050
7048
7045
7042
7037
7032
7028
7006
6992
6991
6985
6984
6980
6979
6955
6953
6927
6921
6906
6903
6893
6884
6880
6879
6877
6873
6872
6866
6850
6847
6840
6837
6836
6824
6805
6769
6768
6753
6715
6695
6688
6672
6629
6620C
6616
6605
6578
6575
6566
6550C
6485
6474
6472
6455
6447
6436
6433
6424
6422
6401
6384
6382
6378
6365
6362
6354
6346
6314
6308
6304
6171
6170
6169
6168
6156
6145
6138
6127
6124
6120
6118
6105
6100
6098
6097
6096
6095
6092
6091
6090
6086
6073
6051
6050
6048
6047
6046
6044
6027
6021
6016
6015
6014
6013
5991
5988
5980
5971
5964
5963
5961
5949
5898
5897
5896
5894
5874
5866
5842
5841
5840
5839
5838
5837
5836
5834
5829
5824
5823
5822
5821
5820
5819
5818
5815
5814
5813
5812
5811
5810
5809
5808
5807
5806
5803
5798
5788
5787
5786
5785
5784
5783
5782
5777
5774
5764
5759
5756
5755
5754
5748
5746
5745
5743
5737
5719
5697
5693
5692
5691
5690
5689
5688
5677
5675
5670
5658
5643
5642
5610
5435
5421
5398
5397
5396
5395
5394
5393
5392
5391
5390
5389
5388
5387
5386
5385
5384
5383
5382
5381
5380
5379
5378
5377
5376
5375
5374
5373
5372
5371
5370
5369
5368
5367
5366
5365
5364
5363
5362
5361
5360
5359
5358
5357
5356
5352
5349
5324
5312
5311
5304
5270
5268
5267
5261
5256
5247
5231
5230
5228
5202
5195
5182
5175
5165
5163
5150
5149
5142
5140
5121
5118
5114
5094
5087
5079
5073
5067
5060
5059
5058
5057
5056
5055
5054
5007
5006
4995
4984
4969
4961
4955
4953
4947
4946
4937
4929
4923
4922
4917
4904
9547
9489
9480
9465
9458
9410
9401
9378
9376
9370
9367
9314
9296
9258
9257
9256
9255
9254
9253
9252
9251
9250
9249
9248
9247
9246
9245
9243
9242
9241
9240
9239
9238
9237
9236
9223
9222
9221
9220
9219
9217
9216
9214
9213
9212
9211
9210
9209
9208
9207
9206
9205
9204
9202
9201
9152
9151
9149
9073
8954
8945
8938
8934
8931
8914
8897
8885
8880
8878
8867
8859
8858
8778
8745
8741
8740
8736
8734
8733
8732
8713
8680
8679
8670
8667
8651
8649
8647
8611C
8589
8588
8587
8586
8585
8584
8583
8582
8576
8549
8535
8529
8528
8527
8526
8525
8506
8492
8486
8482
8481
8480
8479
8478
8477
8476
8475
8474
8473
8472
8471
8441
8429
8415
8409
8407
8404
8398
8396
8380
8223
8219
8203
8202
8196
8190
8188
8185
8184
8178
8176
8164
8155
8151
8147
8136
8135
8134
8118
8113
8101
8091
8090
8089
8088
8081
8080
7954
7941
7926
7895
7894
7893
7892
7891
7890
7887
7884
7882
7877
7876
7855
7846
7843
7842
7835
7832
7831
7828
7815
7813
7805
7803
7779
7774
7763
7761
7756
7749
7736
7735
7727
7714
7701
7691
7684
7671
7658
7649
7639
7630
7623
7614
7608
7605
7557
7556
7550
7546
7545
7544
7529
7522
7517
7516
7515
7506
7493
7492
7487
7486
7481
7472
7471
7469
7467
7464
7443
7435
7433
7423
7414
7412
7405
7400
7399
7398
7397
7396
7395
7394
7393
7392
7391
7390
7389
7388
7385
7381
7380
7372
7371
7365
7358
7346
7334
7318
7311
7310
7308
7306
7303
7301
7298
7284
7250
7249
7248
7247
7246
7245
7244
7243
7242
7239
7230
7229
7208
7200
9996
9982
9981
9964
9959
9932
9931
9927
9926
9925
9909
9905
9903
9881
9872
9871
9870
9867
9865
9864
9858
9853
9845
9839
9836
9832
9830
9826
9825
9817
9808
9806
9798
9791
9790
9788
9787
9780
9779
9774
9762
9761
9755
9748
9747
9659
9656
9629
9611
9609
766
764
763
761
760
759
753
748
746
730
728
726
724
723
721
720
718
712
711
710
707
706
700
699
687
678
677
676
675
654
653
651
650
648
645
644
643
642
638
625
624
623
620
619
605
603
599
595
588
584
583
580
565
564
561
557
556
554
553
552
551
550
546
545
543
541
533
532
527
526
525
524
521
520
519
518
517
514
513
512
508
507
506
502
501
498
496
495
494
493
491
489
486
485
483
482
479
478
472
465
463
460
459
457
456
453
452
451
450
447
440
436
434
433
432
431
430
428
422
420
419
416
415
411
407
406
405
403
402
401
396
395
388
385
384
376
370
369
367
366
364
363
362
361
358
357
352
350
346
334
332
331
330
327
324
323
321
318
311
310
308
306
298
297
295
292
284
283
268
267
245
242
240C
238
236
235C
234
233
224
223
220
219
215
211
210
209
208
204
203
179
178
177
176
173
172
171
170
169
166
165
163
161
160
159
158
157
155
154
153
149
146
145
144
143
142
141
140
137
134
133
131
130
125
123
122
121
119
113
111
110
107
106
105
102
101C
98
96
95
93
92
91
90
86
85
84
81
78
77
76
74
73
72
70
68
64
62
55
46
44
36
24
15
13
12
11
1149
1147
1146
1145
1144
1143
1142
1138
1099
1098
1096
1095
1093
1090
1089
1086
1083
1080
1079
1075
1074
1065
1064
1063
1058
1056
1055
1053
1046
1044
1042
1037
1033
1032
1029
1027
1023
1018
1013
983
980
977
976
974
968
967
966
963
961
958
957
956
955
946
940
936
932
927
924
922
917
916
914
912
911
910
904
898
897
883
879
878
872
870
869
868
867
866
865
863
862
858
857
856
855
849
842
840
829
824
821
814
809
807
805
804
792
788
786
1558
1551
1550
1480
1476
1467
1465
1463
1450
1449
1447
1442
1438
1435
1423
1422
1421
1419
1418
1416
1415
1414
1413
1407
1406
1402
1400
1394
1392
1391
1390
1388
1387
1386
1385
1383
1382
1381
1379
1378
1375
1368
1367
1366
1360
1342
1335
1334
1326
1324
1316
1314
1306
1303
1300
1298
1289
1278
1275
1269
1263
1262
1261
1250
1249
1246
1245
1239
1219
1217
1214
1213
1212
1211
1208
1207
1203
1202
1195
1193
1190
1187
1183
1182
1167
1164
1163
1162
1161
1160
1159
1158
1157
1156
1155
1154
2015
2011
2006
1999
1993
1990
1986
1985
1983
1976
1975
1971
1970
1969
1963
1960
1956
1952
1948
1937
1933
1931
1926
1918
1917
1916
1915
1913
1906
1905
1902
1900
1897
1895
1892
1882
1881
1880
1878
1872
1869
1868
1866
1865
1861
1860
1859
1858
1857
1851
1849
1848
1845
1843
1840
1837
1830
1827
1824
1823
1822
1821
1820
1819
1818
1817
1814
1808
1807
1806
1804
1764
1763
1762
1761
1760
1758
1757
1743
1742
1734
1733
1730
1724
1712
1711
1709
1703
1701
1699
1697
1696
1695
1693
1692
1690
1688
1684
1671
1669
1655
1630
1629
1628
1627
1626
1625
1624
1623
1622
1621
1620
1611
1602
1601
1596
1590
1588
1587
1586
